si13_600 = 0.130476171
si13_700 = 0.051869588
si13_800 = 0.022614543
si13_900 = 0.010543568
si13_1000 = 0.005171486
si13_1100 = 0.00263557
si13_1200 = 0.001385092
si13_1400 = 0.000408488

si13_600_ZjZj	=	0.046652972
si13_700_ZjZj	=	0.018546455
si13_800_ZjZj	=	0.008086041
si13_900_ZjZj	=	0.003769951
si13_1000_ZjZj	=	0.001849113
si13_1100_ZjZj	=	0.000942373
si13_1200_ZjZj	=	0.000495253
si13_1400_ZjZj	=	0.000146059
		
si13_600_WjZj	=	0.04498465
si13_700_WjZj	=	0.017883229
si13_800_WjZj	=	0.007796882
si13_900_WjZj	=	0.003635137
si13_1000_WjZj	=	0.001782988
si13_1100_WjZj	=	0.000908673
si13_1200_WjZj	=	0.000477542
si13_1400_WjZj	=	0.000140835
		
si13_600_HjZj	=	0.038838549
si13_700_HjZj	=	0.015439904
si13_800_HjZj	=	0.00673162
si13_900_HjZj	=	0.00313848
si13_1000_HjZj	=	0.001539385
si13_1100_HjZj	=	0.000784524
si13_1200_HjZj	=	0.000412297
si13_1400_HjZj	=	0.000121594
